## pyTOF.ini file saved by software on 2026-06-23 13:50:32.382516+00:00

SaveDir = C:\Users\dhane\projects\PyTOF_v3\pytof_new
N_Average = 500
POS_A = 3.62961473e-08
POS_B = 0.0190561701
POS_C = -4.77081849
NEG_A = 3.5307325359769444e-06
NEG_B = 0.012328618358920908
NEG_C = 10.104193578700247

## End Automated pyTOF.ini writer
